@0
07 00 05 00 FC 53 01
07 00 02 00 36 10 F0
07 00 02 00 35 11 F0
07 00 02 00 36 10 F0
07 00 02 00 4A 08 F8
07 00 02 00 46 4E F8
07 00 02 00 4A 3C F8
07 00 02 00 51 64 00
07 00 02 00 4F 96 00
07 00 02 00 51 7D 00
06 00 01 00 02 16
07 00 02 00 39 00 E0
06 00 01 00 47 07
07 00 02 00 D0 00 00
07 00 02 00 D4 00 00
07 00 02 00 D5 1E 00
07 00 02 00 D6 E2 FF
06 00 01 00 D7 00
06 00 01 00 D8 00
07 00 02 00 E5 04 00
07 00 02 00 E7 00 01
07 00 02 00 61 2B E0
06 00 01 00 10 00 
05 00 0E 00 15
06 00 0D 00 64 00
04 00 FE 00 
06 00 0D 00 0A 00
07 00 05 00 35 11 F0
07 00 05 00 46 4E F8
07 00 05 00 4A 3C F8
07 00 05 00 4F 96 00
07 00 05 00 51 7D 00
06 00 04 00 02 16
07 00 05 00 39 00 E0
06 00 04 00 47 07
07 00 05 00 D0 00 00
07 00 05 00 D4 00 00
07 00 05 00 D5 1E 00
07 00 05 00 D6 E2 FF
06 00 04 00 D7 00
06 00 04 00 D8 00
07 00 05 00 E5 04 00
07 00 05 00 E7 00 01
07 00 05 00 61 2B E0
07 00 05 00 36 10 F0
06 00 04 00 10 00
q
